R,G,B,label
27,32,23,10
28,32,24,10
27,31,23,10
28,31,23,10
28,33,24,10
29,33,24,10
28,34,25,10
29,34,25,10
27,30,22,10
28,30,23,10
27,31,22,10
28,31,23,10
28,33,24,10
29,33,24,10
28,34,25,10
29,34,25,10
22,26,19,10
22,27,19,10
22,26,20,10
22,27,20,10
23,26,19,10
23,27,19,10
23,26,20,10
23,27,20,10
27,32,23,10
27,33,23,10
27,32,24,10
27,33,24,10
28,32,23,10
28,33,23,10
28,32,24,10
28,33,24,10
24,30,26,5
24,30,27,5
24,29,26,5
24,29,27,5
24,31,27,5
22,26,23,5
22,27,23,5
22,26,24,5
22,27,24,5
23,26,23,5
23,27,23,5
23,26,24,5
23,27,24,5
22,25,23,5
22,26,23,5
25,33,27,100
23,31,25,100
23,30,25,100
25,33,27,100
25,32,27,100
24,33,27,100
24,32,27,100
22,28,23,100
22,28,22,100
22,27,23,100
22,27,22,100
21,28,23,100
21,28,22,100
21,27,23,100
21,27,22,100
24,32,25,100
24,31,25,100
23,32,25,100
23,31,25,100
22,28,22,100
37,29,20,50
35,33,24,50
27,35,25,50
25,22,18,50
24,25,21,50
24,25,22,50
24,26,22,50
31,32,28,1
33,34,31,1
33,35,31,1
28,30,26,1
28,30,27,1
28,31,26,1
28,31,27,1
29,30,26,1
29,30,27,1
29,31,26,1
29,31,27,1
22,23,21,1
27,28,25,1
28,29,23,1
28,29,24,1
33,35,27,1
33,35,28,1
30,30,25,1
30,30,26,1
30,32,25,1
30,32,26,1
31,30,25,1
31,30,26,1
31,32,25,1
31,32,26,1
18,19,16,1
22,23,19,1
35,32,26,2
35,32,27,2
35,33,26,2
35,33,27,2
29,27,22,2
37,34,28,2
37,35,28,2
34,33,27,2
35,33,27,2
32,30,24,2
32,30,25,2
32,31,24,2
32,31,25,2
33,30,24,2
33,30,25,2
33,31,24,2
33,31,25,2
21,23,21,2
26,29,27,2
25,28,26,2
32,37,34,2
21,23,20,2
